county,Percent_Acetaminophen_codeine,Percent_ACD,Percent_Buprenorphine,Percent_BACC,Percent_Butorphanol_tartrate,Percent_Codeine_sulfate,Percent_CBAC,Percent_Fentanyl,Percent_Hydrocodone_Bitartrate,Percent_Hydrocodone_Acetaminophen,Percent_Hydrocodone_Ibuprofen,Percent_Hydromorphone,Percent_Meperidine,Percent_Methadone,Percent_Morphine,Percent_Morphine_Naltrexone,Percent_Oxycodone,Percent_Oxycodone_Acetaminophen,Percent_Oxycodone_Aspirin,Percent_Oxycodone_Myristate,Percent_Oxymorphone,Percent_Pentazocine_Naloxone,Percent_Tapentadol,Percent_Tramadol,Percent_Tramadol_Acetaminophen
ANDERSON,1.91502780803853,0.0,0.034401697150392756,0.03726850524625881,0.034401697150392756,0.0,0.03726850524625881,1.4276704317412992,0.0,40.75454389083195,0.03153488905452669,0.07167020239665157,0.0,0.0,5.604609827418153,0.045868929533857,10.57278825755404,26.936528868757524,0.0,0.04300212143799094,2.0526345966401007,0.0,0.0,10.320509145117827,0.08027062668424975
BEDFORD,0.579080709373869,0.0,0.1327059958981783,0.0,0.0,0.0,0.0,2.9798528169863676,0.14477017734346725,56.59307515985041,0.0,0.31366871757751236,0.0,0.0,2.26806611171432,0.0,5.259983110145977,13.234407045481964,0.0,0.0,0.0,0.0,0.0,17.770539268910603,0.7238508867173362
BENTON,0.4105626574601101,0.0,0.5691891387515163,0.0,0.0,0.0,0.0,3.863021367920127,0.1866193897545955,44.639358029299245,0.0,0.12130260334048708,0.0,0.5505271997760567,10.917234300643837,0.2612671456564337,13.193990855649902,18.23271437902398,0.0,0.0,0.8211253149202202,0.0,1.0637305216011943,5.169357096202296,0.0
BLEDSOE,4.99092558983666,0.0,0.0,0.0,0.0,0.0,0.0,0.9981851179673321,0.0,59.83061101028433,0.0,0.0,0.0,0.0,1.2099213551119177,0.0,7.199032062915911,12.099213551119178,0.0,0.0,0.0,0.0,0.0,13.67211131276467,0.0
BLOUNT,2.1278151506288387,0.0,0.11699327288680901,0.0,0.08408891488739398,0.05484059666569172,0.0,1.926732962854636,0.0,50.34001169932729,0.0,0.058496636443404505,0.0,0.04387247733255338,3.2904357999415033,0.04387247733255338,7.758116408306522,14.170810178414742,0.0,0.0,0.14989763088622404,0.0,0.0,19.461099736765135,0.3729160573267037
BRADLEY,0.3979769505016168,0.0,0.07876627145344499,0.03109194925793881,0.03731033910952657,0.0,0.0,1.8074786501948428,0.0,43.456181079512476,0.03731033910952657,1.0363983085979604,0.0,0.4808888151894536,6.065002901915264,0.14716855982091037,16.42276759804328,18.485200232153222,0.0,0.13265898350053892,1.593980598623663,0.0,0.0,9.588757151148329,0.20106127186800432
CAMPBELL,1.6482046342377052,0.0,0.0,0.0,0.0,0.0,0.0,0.4388077272970514,0.0,41.40311446460106,0.0,0.0,0.0,0.1551880986782255,2.6810081875100336,0.0,19.205865039867287,12.115374324396639,0.0,0.0,9.08653074329748,0.0,0.0,13.265906780114518,0.0
CANNON,3.553299492385787,0.0,1.5953589557650472,0.0,0.0,0.0,0.0,10.079767947788252,0.0,49.92748368382886,0.0,0.3988397389412618,0.0,0.0,4.205946337926034,0.0,5.148658448150834,11.566352429296591,0.0,0.0,0.0,0.0,0.0,13.524292965917331,0.0
CARROLL,0.8763837638376384,0.0,0.0,0.0,0.0,0.0,0.0,0.7175071750717508,0.0,61.977244772447726,0.0,0.0,0.0,0.0,7.349323493234932,0.09225092250922509,7.91820418204182,11.495489954899549,0.0,0.0,0.11275112751127511,0.0,0.0,9.240467404674046,0.22037720377203773
CARTER,2.5378450578806766,0.0,0.0,0.0,0.10685663401602849,0.0,0.0,1.282279608192342,0.0,46.91006233303651,0.09795191451469279,0.0,0.0,0.2315227070347284,2.235084594835263,0.0,10.7479964381122,14.64826357969724,0.0,0.0,0.2404274265360641,0.0,0.0,20.658949243098842,0.3027604630454141
CHEATHAM,3.6648648648648647,0.0,0.0,0.0,0.0,0.0,0.0,1.9891891891891893,0.0,40.77837837837838,0.0,0.8216216216216217,0.0,0.16216216216216217,5.34054054054054,0.1837837837837838,16.767567567567568,14.183783783783785,0.0,0.0,3.081081081081081,0.0,0.0,13.027027027027026,0.0
CHESTER,2.0522388059701493,0.0,0.38349917081260365,0.0,0.0,0.0,0.0,1.9382255389718077,0.134742951907131,54.291044776119406,0.0,0.8913764510779436,0.0,1.824212271973466,2.394278606965174,0.0,4.094112769485903,16.87396351575456,0.0,0.0,0.6737147595356551,0.0,0.0,14.448590381426202,0.0
CLAIBORNE,3.4740855811326083,0.0,0.15534529021324672,0.0,0.0,0.0,0.0,1.7558725227133645,0.0,70.04189615402721,0.056489196441180625,0.0,0.0,0.07531892858824084,2.26427529068399,0.0,3.2151767641105304,7.428329332015252,0.0,0.0,0.25890881702207785,0.0,0.0,11.2743021230523,0.0
CLAY,0.8946475397192658,0.0,0.29307419404596635,0.0,0.0,0.0,0.0,8.637976245565325,0.0,30.572265926268702,0.2467993213018664,0.4781736850223662,0.0,0.8946475397192658,4.935986426037329,0.0,9.76399814900509,32.299861175381764,0.0,0.0,0.4473237698596329,0.0,0.0,10.535246028073423,0.0
COCKE,0.5180495025080174,0.0,0.0,0.0,0.0,0.0,0.09867609571581284,1.661047611216183,0.47693446262642875,49.74097524874599,0.09867609571581284,0.9045308773949511,0.0,0.0,5.986349806759312,0.32069731107639177,11.602664254584328,9.793602499794424,0.0,0.20557519940794342,5.460077296274977,0.0,0.0,13.132143738179426,0.0
COFFEE,0.33214277589462426,0.0,0.12284732807061446,0.0,0.0,0.0,0.02957435675774052,2.900561912778397,0.0,37.89385080874491,0.08417316923356917,0.8895056532520418,0.0,1.1261005073139658,10.05300634711195,0.1865459426257479,15.763132151875697,22.433287076006096,0.0,0.0,1.080601496917442,0.02502445571808813,0.23431990354209795,6.613281161134745,0.23204495302227177
CROCKETT,0.6362275449101796,0.0,0.0,0.0,0.0,0.0,0.0,3.6302395209580838,0.0,62.3502994011976,0.0,0.5988023952095808,0.0,0.0,1.2350299401197604,0.0,0.0,6.586826347305389,0.0,0.0,0.0,0.0,0.0,24.9625748502994,0.0
CUMBERLAND,1.1408258587194644,0.0,0.2562724755094449,0.04960112429215062,0.10333567560864713,0.0,0.0,3.1248708304054893,0.10746910263299302,29.74414086719299,0.0,0.359608151118092,0.0,0.16947050799818128,8.704997313272434,0.2728061836068284,17.062786756499815,22.357706774686893,0.04546769726780474,0.0,2.0047121068077542,0.0,0.09506882155995536,14.400859752821065,0.0
DAVIDSON,0.774347543745722,0.0,0.2071011109746038,0.008073433139687945,0.052652824824051814,0.004212225985924144,0.013338715622093125,2.9004686101409343,0.02913456306930867,40.36505958544676,0.024220299419063833,0.37313301858644715,0.05159976832757077,0.6806255155589097,7.243624620460888,0.09231795285817083,14.57359987363322,19.31902346560893,0.0,0.023869280586903487,0.7241518507467926,0.01298769678993278,0.10495463081594328,12.088386541937975,0.3331168717201678
DE KALB,0.6357516828721017,0.0,0.5360259286960858,0.0,0.0,0.0,0.0,1.6454749439042633,0.0,65.17078035402643,0.0,0.16205435053602593,0.0,0.0,2.8172525554724506,0.0,2.231363749688357,13.637496883570183,0.0,0.0,0.0,0.0,0.0,12.17900772874595,0.9847918224881576
DECATUR,5.210237659963437,0.0,0.0,0.0,0.0,0.0,0.0,1.4625228519195612,0.0,55.75868372943327,0.0,0.0,0.0,0.0,4.753199268738574,0.0,4.43327239488117,7.815356489945155,0.0,0.0,0.0,0.0,0.0,20.56672760511883,0.0
DICKSON,2.2777904069106616,0.0,0.15003409865878609,0.0,0.2455103432598318,0.0,0.0,2.5142077744942033,0.08638326892475563,37.78131393498522,0.06365082973403047,0.34553307569902253,0.0,0.9002045919527165,7.106160491020686,0.19549897704023642,13.462150488747442,18.767901795862695,0.0,0.08183678108661059,1.3048420095476245,0.059104341895885426,0.418276881109343,14.116844737440328,0.1227551716299159
DYER,1.3579097014559538,0.0,0.11275062503063876,0.0,0.0,0.0,0.0,1.1324084513946762,0.0,60.62061865777734,0.06372861414775234,0.3186430707387617,0.06372861414775234,0.0,3.063875680180401,0.0,3.3727143487425852,17.245943428599443,0.0,0.0,0.0,0.0,0.0,12.647678807784695,0.0
FAYETTE,2.567993463289366,0.0,0.12839967316446832,0.15174506828528073,0.0,0.0,0.0,1.727559238940119,0.0,47.9397688805883,0.2918174390101552,1.0155246877553403,0.0,0.14007237072487452,5.171005019259951,0.0,13.341893311544299,16.47017625773316,0.0,0.0,0.28014474144974905,0.0,0.0,10.773899848254931,0.0
FENTRESS,2.745924019034246,0.0,0.0,0.0,0.0,0.0,0.0,2.847335985646306,0.0,22.497854746860128,0.0,0.1716202511896404,0.0,0.0,9.875965363912941,0.32763866136204073,24.611904204696152,28.886808643419922,0.0,0.0,2.0906466963101646,0.0,0.0,5.944301427568453,0.0
FRANKLIN,0.61558516801854,0.0,0.0,0.0,0.0,0.0,0.0,1.2601390498261877,0.0,45.43742757821553,0.0,1.006662804171495,0.0,0.0,4.439455388180765,0.5069524913093859,8.610950173812283,21.016801853997684,0.0,0.0,0.0,0.10863267670915411,0.8183661645422943,14.506083429895712,1.6729432213209734
GIBSON,2.646861055076716,0.0,0.0,0.0,0.0,0.0,0.0,1.6015648878293294,0.0,60.95727122684761,0.15893392016626934,0.0,0.0,0.14059539091631518,2.280090470077633,0.0,1.8338529249954154,8.704688550644905,0.0,0.0,0.0,0.0,0.0,21.2665810868635,0.4095604865823094
GILES,1.3080990815474534,0.0,0.0,0.0,0.0,0.0,0.0,1.5864180350681882,0.0,55.30197606457,0.0,0.16699137211244086,0.0,0.2504870581686613,3.1171722794322294,0.0,6.053437239075981,15.349290286668522,0.0,0.0,0.34789869190091843,0.1809073197884776,0.0,16.33732257166713,0.0
GRAINGER,2.503401360544218,0.0,0.0,0.0,0.35374149659863946,0.0,0.0,7.156462585034014,0.0,57.25170068027211,0.0,0.0,0.0,0.0,1.7959183673469388,0.0,4.108843537414966,10.693877551020408,0.0,0.0,0.0,0.0,0.0,16.13605442176871,0.0
GREENE,1.1130489931821785,0.0,0.0,0.0,0.0,0.1363564293641985,0.07927699381639448,1.2145235452671634,0.050737276042492466,52.2625654035199,0.034881877279213575,0.10464563183764072,0.0,0.04122403678452513,3.8116378626922467,0.05390835579514825,10.702394165213255,11.140003171079753,0.0,0.0,1.1162200729348344,0.04122403678452513,0.050737276042492466,17.964166798794988,0.08244807356905026
GRUNDY,0.0,0.0,0.0,0.0,0.0,0.0,0.0,2.254453728519628,0.0,30.490304272426297,0.0,0.18918492826738137,0.0,1.4188869620053601,14.062746334542014,0.3310736244679174,17.200063061642755,25.319249566451205,0.0,0.0,2.222922907141731,0.0,0.0,6.511114614535709,0.0
HAMBLEN,1.7727282774474482,0.0,0.05525960964611746,0.04641807210273867,0.11272960367807962,0.02652461263013638,0.0,3.5123007891072255,0.0,47.686832740213525,0.0,0.02652461263013638,0.0,0.02652461263013638,6.067505139143697,0.23651112928538273,9.74337437280343,17.66981278044252,0.0,0.02873499701598108,1.4522225414999668,0.0,0.09504652859132202,11.334851130611613,0.10609845052054552
HAMILTON,0.9083769764452247,0.0,0.23459735790352995,0.00650269861992727,0.013505604826002791,0.0,0.034014115858081104,2.183406113537118,0.02951224758274684,43.54156975144685,0.08453508205905451,0.9754047929890904,0.039016191719563616,0.9218825812712276,6.051011169635399,0.18807805239174258,9.665511187142664,19.04390321983623,0.005502283447630767,0.006002491033779018,0.6767808640585843,0.0,0.20508511032078314,14.708103863103188,0.4776982447715802
HANCOCK,21.4123006833713,0.0,0.0,0.0,0.0,0.0,0.0,0.0,0.0,35.42141230068337,0.0,0.0,0.0,0.0,2.277904328018223,0.0,3.530751708428246,7.517084282460137,0.0,0.0,0.0,0.0,0.0,29.840546697038725,0.0
HARDEMAN,1.842832697117283,0.0,0.0,0.0,0.0,0.0,0.0,0.39489272081084636,0.0,72.4891404501777,0.15795708832433855,0.0,0.0,0.27642490456759244,3.0011846781624327,0.0,1.1056996182703698,8.371725681189943,0.0,0.0,0.0,0.0,0.14479399763064368,11.293931815190208,0.9214163485586415
HARDIN,3.923461774773984,0.0,0.0,0.0,0.0,0.0,0.0,2.519090669709471,0.0,52.14605459492671,0.0,0.2194329851663302,0.0,0.18432370753971736,1.0708329676116914,0.0,3.6425875537610812,10.901430703063285,0.0,0.0,0.17554638813306417,0.0,0.0,25.217238655314667,0.0
HAWKINS,1.6433799068529606,0.0,0.0,0.0,0.0,0.0,0.08649367930805056,1.6433799068529606,0.0,54.12508316699933,0.0,0.23952095808383234,0.0,0.08649367930805056,3.1869594145043245,0.0,10.685296074517632,12.308715901530272,0.0,0.0,0.27278775781769793,0.0,0.0,15.635395874916833,0.08649367930805056
HAYWOOD,11.339754816112084,0.0,0.0,0.0,0.0,0.0,0.0,4.487740805604203,0.0,49.430823117338,0.0,0.0,0.0,0.2626970227670753,0.24080560420315236,0.0,1.11646234676007,3.5683012259194395,0.0,0.0,0.0,0.0,0.0,29.553415061295972,0.0
HENDERSON,3.5116374030216413,0.0,0.0,0.0,0.0,0.0,0.0,1.2249897917517354,0.0,54.471212739893836,0.0,0.0,0.0,0.0,2.1233156390363415,0.0,4.001633319722336,5.8799510004083295,0.0,0.0,0.0,0.0,0.24499795835034707,28.542262147815435,0.0
HENRY,1.3324815186638679,0.0,0.32855708679383044,0.0,0.0,0.0,0.0,3.915305284293146,0.09126585744273068,49.1375376471662,0.0,0.22816464360682667,0.05019622159350187,0.45632928721365335,7.921876426029023,0.08670256457059414,8.551610842383864,16.633202518937665,0.0,0.0,0.5795381947613398,0.0,0.18253171488546135,10.504700191658301,0.0
HICKMAN,2.857743223366253,0.0,0.0,0.0,0.0,0.0,0.0,1.7860895146039084,0.0,60.11767177978567,0.3992435385585207,0.0,0.0,0.0,1.0926665265812145,0.0,4.832948098339988,13.259088043706662,0.0,0.0,0.0,0.0,0.0,15.654549275057786,0.0
HOUSTON,0.7722007722007722,0.0,0.0,0.0,0.0,0.0,0.0,4.688361831218974,0.0,38.830667402095976,0.0,1.654715940430226,0.0,0.0,2.0408163265306123,0.0,14.56150027578599,16.878102592388306,0.0,0.0,0.0,0.0,0.0,20.573634859349145,0.0
HUMPHREYS,3.156297420333839,0.0,0.3945371775417299,0.0,0.3338391502276176,0.0,0.0,4.461305007587254,0.0,62.76176024279211,0.0,0.8801213960546282,0.0,0.0,1.274658573596358,0.0,4.036418816388467,7.921092564491654,0.0,0.0,0.0,0.0,0.0,14.779969650986343,0.0
JACKSON,1.2476007677543186,0.0,0.0,0.0,0.0,0.0,0.0,4.414587332053743,0.0,37.61996161228407,0.0,3.742802303262956,0.0,0.0,4.5105566218809985,0.0,0.0,29.750479846449135,0.0,0.0,0.0,0.0,0.0,17.178502879078696,1.5355086372360844
JEFFERSON,0.7560864962951762,0.0,0.04158475729623469,0.0,0.0,0.0,0.0,1.8183880235898986,0.0,47.39150158778164,0.06048691970361409,0.14743686677755935,0.0,0.04158475729623469,4.045062755179193,0.0,17.44669590201119,10.929230303946772,0.0,0.0,2.759715711477393,0.0,0.0,14.516860728867382,0.04536518977771057
JOHNSON,3.91657379398185,0.0,0.0,0.0,0.1910523801942366,0.0,0.0,2.021971023722337,0.0,50.485591466327016,0.0,0.0,0.0,0.22289444355994267,3.1523642732049035,0.0,8.56551504537494,13.867218595765005,0.0,0.0,0.0,0.28657857029135486,0.0,17.290240407578413,0.0
KNOX,1.157399769015014,0.004537205081669692,0.004537205081669692,0.01567398119122257,0.048671836330638506,0.0,0.024748391354561954,2.11186272892262,0.06517076390034647,34.43614915030523,0.0519716218445801,0.33616564923279985,0.009486883352582081,0.23964692295000825,7.9285596436231645,0.07383270087444316,19.80448770829896,16.250618709783865,0.0,0.13405378650387725,3.9502557333773303,0.014024088434251774,0.052384095033822804,13.155007424517406,0.13075400098993564
LAKE,0.0,0.0,0.0,0.0,0.0,0.0,0.0,5.454545454545454,0.0,56.36363636363637,0.0,0.0,0.0,0.0,0.0,0.0,0.0,8.636363636363637,0.0,0.0,0.0,0.0,0.0,29.545454545454547,0.0
LAUDERDALE,0.5186385737439222,0.0,0.2755267423014587,0.0,0.0,0.0,0.0,1.6369529983792546,0.0,65.49432739059968,0.0,0.0,0.0,0.0,1.0696920583468394,0.0,2.8687196110210698,14.813614262560778,0.0,0.0,0.0,0.0,0.0,13.322528363047002,0.0
LAWRENCE,0.7882623705408516,0.0,0.11507479861910241,0.14384349827387802,0.1380897583429229,0.0,0.0,2.6467203682393556,0.0,50.98964326812428,0.0,0.333716915995397,0.0,0.3970080552359033,4.953970080552359,0.17836593785960875,10.201380897583428,17.934407364787113,0.06904487917146145,0.0,0.20713463751438435,0.0,0.12658227848101267,10.667433831990794,0.1093210586881473
LEWIS,4.713914174252276,0.0,0.0,0.0,0.0,0.0,0.0,0.0,0.0,67.3927178153446,0.48764629388816644,0.0,0.0,0.0,0.0,0.0,1.4304291287386215,7.802340702210663,0.0,0.0,0.0,0.0,0.0,18.17295188556567,0.0
LINCOLN,0.4563894523326572,0.0,0.0,0.0,0.0,0.0,0.0,1.2846517917511833,0.0,56.930358350236645,0.0,0.2028397565922921,0.0,0.4056795131845842,1.9100743745774171,0.0,5.561189993238675,12.592968221771468,0.0,0.0,0.6423258958755916,0.0,0.0,20.013522650439487,0.0
LOUDON,1.0768126346015794,0.0,0.0,0.0,0.0,0.0,0.0,1.57035175879397,0.0,42.327709978463744,0.0,0.0,0.0,0.23330940416367552,5.384063173007896,0.0,15.541995692749461,16.56496769562096,0.0,0.0,1.1306532663316582,0.0,0.0,15.308686288585786,0.8614501076812635
MACON,1.8798151001540833,0.0,0.0,0.0,0.0,0.0,0.0,5.855161787365177,0.0,55.28505392912172,0.0,0.0,0.0,0.0,0.0,0.5238828967642527,4.006163328197227,10.693374422187981,0.0,0.0,1.2326656394453004,0.0,0.0,20.523882896764253,0.0
MADISON,1.5112979815057115,0.0,0.1043795298510754,0.017641610679055,0.06762617426971082,0.0,0.0,1.5892150953382045,0.0,53.9054115640758,0.17053556989753166,0.17053556989753166,0.0,0.22052013348818747,5.235147969009571,0.11173020096734831,6.903750312403522,15.023301627438585,0.0,0.0,0.4116375825112833,0.0,0.20434865703238705,14.02067008717896,0.3322503344555358
MARION,0.4855005904736911,0.0,0.0,0.0,0.0,0.0,0.0,1.6270830599658836,0.0,53.3263351266238,0.0,0.4723789528933211,0.0,0.23618947644666055,2.8605169925206666,0.0,5.891615273586144,15.969032935310327,0.0,0.0,0.0,0.0,0.0,19.131347592179505,0.0
MARSHALL,0.6725570354740867,0.0,0.0,0.0,0.0,0.0,0.17143610708162996,0.7384939997362522,0.0,43.386522484504816,0.0,0.712119214031386,0.0,0.5670578926546221,8.79599103257286,0.0,15.508373994461294,14.62481867334828,0.0,0.0,0.6593696426216537,0.0,0.0,14.163259923513122,0.0
MAURY,0.5920940535014483,0.0,0.0,0.0,0.05111603339580849,0.0,0.0,2.6601635713068665,0.023428181973078888,40.67771340943943,0.025558016697904244,0.21511330720736072,0.025558016697904244,0.38337025046856366,8.461833361731129,0.23002215028113818,12.223121485772705,20.67643550860453,0.0,0.027687851422729597,1.3354063724654968,0.025558016697904244,0.14056909183847333,11.690662804566365,0.5345885159311637
MC MINN,1.4381633095083388,0.0,0.0,0.047649989170457006,0.38119991336365605,0.0,0.05198180636777128,3.422135585878276,0.0,46.333116742473464,0.0,0.1299545159194282,0.0,0.36387264457439894,3.0625947585011914,0.11262724713017111,11.054797487546026,19.545159194282,0.0,0.0,0.5328135152696556,0.142949967511371,0.060645440762399826,13.220706086203162,0.09963179553822829
MC NAIRY,1.9872140491411847,0.0,0.08472618038974043,0.0,0.0,0.0,0.0,1.2015712855272278,0.0,58.106754987291076,0.18485712085034275,0.09242856042517138,0.0,0.0,4.567511361010553,0.18485712085034275,6.932142031887853,10.259570207194024,0.0,0.0,0.08472618038974043,0.0,0.0,16.113379034121543,0.20026188092120464
MEIGS,0.0,0.0,0.0,0.0,0.0,0.0,0.0,2.4313725490196076,0.0,50.03921568627451,0.0,0.0,0.0,0.0,0.0,0.0,1.7254901960784315,29.254901960784313,0.0,0.0,0.0,0.0,0.0,14.745098039215685,1.803921568627451
MONROE,1.4392411274055499,0.0,0.0,0.0,0.0,0.0,0.0,0.8232023115084773,0.0,50.128114267022845,0.06542005124570681,0.0,0.07087172218284904,0.23442185029711607,2.0334732595540532,0.0,15.046611786512566,12.418906394810008,0.0,0.0,4.879245488742299,0.0,0.0,12.636973232295698,0.2235185084228316
MONTGOMERY,0.7382357491766682,0.0,0.0,0.026523440090179696,0.06851888689963088,0.0,0.02873372676436134,2.5042548018477997,0.0,33.850540415091835,0.0,0.8620118029308401,0.0,1.047675883562098,7.713900492893928,0.42437504144287513,22.984771124814888,17.284441792100434,0.0,0.03094401343854298,5.116813650730499,0.0,0.12377605375417192,7.121543664213249,0.07293946024799416
MOORE,0.0,0.0,0.0,0.0,0.0,0.0,0.0,10.59322033898305,0.0,36.86440677966102,0.0,0.0,0.0,0.0,0.0,0.0,11.440677966101696,13.559322033898304,0.0,0.0,0.0,0.0,0.0,27.54237288135593,0.0
MORGAN,0.1799738219895288,0.0,0.0,0.0,0.0,0.0,0.0,1.4725130890052356,0.0,25.147251308900522,0.0,0.0,0.0,0.0,9.325916230366492,0.3763089005235602,28.55039267015707,28.48494764397906,0.0,0.4908376963350785,2.012434554973822,0.0,0.0,3.9594240837696337,0.0
OBION,0.5971055561178018,0.0,0.0,0.0,0.08096346523631212,0.0,0.0,2.6262524036028743,0.0759032486590426,43.45207974901326,0.0,0.0,0.0,0.05566238234996458,8.172249772290254,0.09108389839085113,16.906183584657423,16.283776945653273,0.0,0.0,2.904564315352697,0.06578281550450359,0.15686671389535473,8.359477785649226,0.17204736362716325
OVERTON,3.950256035113387,0.0,0.0,0.0,0.0,0.0,0.0,3.1455742501828823,0.0,32.50914411119239,0.0,0.0,0.0,0.0,6.378931967812728,0.0,12.318946598390637,27.92977322604243,0.0,0.0,1.0387710314557426,0.0,0.0,12.728602779809803,0.0
PERRY,5.404398061871039,0.0,0.0,0.0,0.0,0.0,0.0,0.4845322400298174,0.0,55.050316809541556,0.0,0.0,0.0,0.0,6.336190831159151,0.0,7.6407007081625045,7.827059262020127,0.0,0.0,0.40998881848676855,0.0,0.0,16.846813268729036,0.0
PICKETT,4.669464847848898,0.0,0.0,0.0,0.0,0.0,0.0,5.246589716684155,0.0,49.73767051416579,0.0,0.0,0.0,0.0,0.8919202518363064,0.0,2.2560335781741867,13.16894018887723,0.0,0.0,0.0,0.0,0.0,24.029380902413433,0.0
POLK,0.940337224383917,0.0,0.0,0.0,0.0,0.0,0.0,2.6588845654993514,0.0,53.17769130998703,0.0,0.0,0.0,1.1348897535667963,1.4591439688715953,0.0,11.446173800259404,16.08300907911803,0.0,0.0,0.0,0.0,0.0,13.099870298313878,0.0
PUTNAM,0.5177408419452263,0.0,0.45610502742793746,0.0,0.0,0.0,0.0,3.295461549524377,0.05958128736671255,35.697409241263124,0.05547223306555996,0.5670494935590574,0.0,0.3307788712427835,7.209335771372219,0.08629014032420439,15.014484416411563,24.49201816202001,0.0,0.1171080475828488,1.232716290345777,0.0,0.21161629650935837,10.451379614981612,0.2054527150576295
RHEA,1.364035383888176,0.0,0.10804240664460801,0.0,0.07427915456816801,0.0,0.0,2.97116618272672,0.0,38.692686879600245,0.195826862043352,0.41866432574785606,0.0,0.6212438382064961,7.860085083395233,0.357890472010264,17.462353973934768,18.468498885812682,0.0,0.31737456951853604,1.134445269768384,0.0,0.17556891079748801,9.649537443446553,0.128300357890472
ROANE,3.1704739452077066,0.0,0.0609706527924559,0.0,0.0,0.0,0.0,2.300625965368669,0.0,42.0778798471669,0.0,0.09755304446792944,0.0,0.11381188521258434,4.369563450126006,0.04877652223396472,18.778961060076416,17.644906918136737,0.0,0.0,1.0812129095195513,0.0,0.0,10.255263799691082,0.0
ROBERTSON,1.4226900828599718,0.0,0.0,0.0,0.057324508833185676,0.0,0.0,2.616082130387201,0.0,45.80749387670019,0.0,0.26577726822658815,0.07295846578769087,0.6201469591953723,7.9524727708583045,0.16155088852988692,10.281932357079576,16.52509250091198,0.0,0.0,0.7921204856949294,0.0,0.17197352649955705,13.137735160769191,0.11464901766637135
RUTHERFORD,0.4550956926801612,0.0,0.21299091340923368,0.0,0.01992001348431682,0.0,0.0,2.450161658570969,0.03677540950950797,42.65641041357013,0.0,0.3309786855855718,0.0,0.8335759488821808,6.613444476793184,0.22524938324573635,10.98818589969507,22.23533197468626,0.0,0.0,1.3131885812353472,0.0,0.484209558541855,11.072462879821027,0.07201851028945312
SCOTT,0.6815223217704265,0.0,0.04594532506317482,0.0,0.0,0.0,0.0,0.6508921050616433,0.0,40.156214105214794,0.04211654797457692,0.04211654797457692,0.0,0.08423309594915385,3.2468029711310207,0.12634964392373077,34.65809020598821,14.220078107052608,0.0,0.05743165632896853,0.5015697986063251,0.0,0.0,5.486637567960793,0.0
SEQUATCHIE,2.2590361445783134,0.0,0.0,0.0,0.0,0.0,0.0,0.0,0.0,46.91265060240964,0.0,0.0,0.0,0.0,1.355421686746988,0.0,0.8283132530120482,24.096385542168676,0.0,0.0,0.0,0.0,0.0,22.740963855421686,1.8072289156626506
SEVIER,0.6435834727764191,0.0,0.22310893722915862,0.0,0.0,0.0,0.0,1.282876389067662,0.0,49.22984511091089,0.0,0.09868279915905093,0.0,0.11155446861457931,3.273694598189385,0.0,12.318187668940661,15.35590166044536,0.0471961213369374,0.0,0.1759128158922212,0.055777234307289654,0.0,17.01634702020852,0.16733170292186897
SHELBY,2.936370092146579,0.005133514147109404,0.14502177465584065,0.0,0.05604086277261099,0.005133514147109404,0.030801084882656423,2.585152165915177,0.06416892683886755,45.42047758793282,0.059035412691758146,0.42308712429093337,0.04106811317687523,1.295784529299532,3.695274600227586,0.11764303253792384,7.804652674988663,18.576476527006562,0.0,0.010694821139811258,0.13988826050873127,0.0,0.06545230537564489,16.250994618366004,0.27164845695120593
SMITH,1.5170831208567057,0.0,0.39520652728199895,0.1529831718510964,0.3314635390107088,0.0,0.0,1.55532891381948,0.0,43.37072921978582,0.0,1.0326364099949006,0.0,0.19122896481387047,4.971953085160632,0.25497195308516063,12.021927587965324,25.96889342172361,0.0,0.0,0.9433962264150944,0.0,0.0,7.292197858235594,0.0
STEWART,1.924447612259444,0.0,0.0,0.0,0.0,0.0,0.0,2.9223093371347115,0.0,56.450463292943695,0.0,0.0,0.0,0.0,0.0,0.0,7.6265146115466855,10.263720598717034,0.0,0.0,0.0,0.0,0.0,20.81254454739843,0.0
SULLIVAN,0.6718810974057924,0.0,0.12894687727989956,0.026298376287347935,0.022056702692614397,0.0,0.0,1.6203193131882114,0.11622185649569894,41.93742683113049,0.044113405385228795,0.8695430869203753,0.0,0.9577698976908329,4.69213933049424,0.11961519537148578,16.00383447292964,17.883744210115545,0.0,0.20953867557983677,1.076536758343372,0.0,0.17390861738407506,13.295101715332802,0.15100357997251396
SUMNER,1.1184761472187132,0.0,0.04400096518246207,0.01845201765716151,0.015613245709905894,0.0,0.0,3.893375725661079,0.0496785090769733,38.64562190396435,0.0,0.5209146523214058,0.0,0.8871162335173803,8.605737158105404,0.11922842178473593,14.758775353781953,19.30790739925908,0.0,0.0,1.0574425503527174,0.015613245709905894,0.14761614125729208,10.521908222502946,0.2725221069365393
TIPTON,1.8229546448884353,0.0,0.29167274318214964,0.0,0.0,0.0,0.12396091585241359,3.660492926935978,0.0,49.16144086335132,0.0,0.9114773224442176,0.0,0.8385591366486802,4.812600262505469,0.08021000437509115,10.19396237421613,16.19512906518886,0.0,0.0,0.0,0.0,0.09479364153419863,11.81274609887706,0.0
TROUSDALE,0.0,0.0,0.4197901049475262,0.0,0.0,0.0,0.0,2.7286356821589206,0.0,49.77511244377811,0.0,0.7496251874062968,0.0,0.0,8.065967016491754,0.0,16.191904047976013,16.16191904047976,0.0,0.0,1.9790104947526237,0.0,0.0,3.9280359820089954,0.0
UNICOI,0.5895233282802762,0.0,0.0,0.0,0.0,0.0,0.0,2.3917803604514063,0.0,54.791982482735385,0.0,0.0,0.0,0.0,1.6675088428499243,0.0,5.878389759137612,11.45359609230251,0.0,0.0,0.0,0.0,0.0,23.227219134242883,0.0
UNION,6.688662267546491,0.0,0.0,0.0,0.0,0.0,0.0,1.8296340731853629,0.0,25.854829034193163,0.0,0.44991001799640074,0.0,0.0,10.347930413917217,0.0,22.945410917816435,9.808038392321535,0.0,0.0,4.079184163167366,0.0,0.0,17.636472705458907,0.3599280143971206
VAN BUREN,3.8910505836575875,0.0,0.0,0.0,0.0,0.0,0.0,2.8793774319066148,0.0,58.054474708171206,0.0,0.0,0.0,0.0,5.992217898832685,0.0,2.801556420233463,13.540856031128405,0.0,0.0,0.0,0.0,0.0,12.84046692607004,0.0
WARREN,1.393523061825319,0.0,0.3140333660451423,0.0,0.0,0.0,0.0,2.276741903827282,0.0,55.08014393195944,0.0,0.0,0.0,0.0,4.187111547268564,0.0,4.2198233562316,16.133464180569185,0.0,0.0,0.0,0.0,0.0,16.323192672554793,0.07196597971867845
WASHINGTON,0.6121548045323,0.0,0.22072889586501201,0.011772207779467308,0.09025359297591602,0.010791190464511699,0.0,2.799823416883308,0.06867121204689262,42.34855545200373,0.0990827488105165,0.2187668612351008,0.0,0.10398783538529455,7.022121940452249,0.12458919899936234,14.307156521312601,16.642958748221908,0.0,0.07455731593662628,1.2763035267572473,0.0,0.175602099377054,13.729337322803747,0.06278510815715897
WAYNE,1.6326530612244898,0.0,0.0,0.0,0.0,0.0,0.0,1.5117157974300832,0.0,62.071050642479214,0.16628873771730915,0.0,0.0,0.0,0.3779289493575208,0.0,5.593348450491308,12.637944066515495,0.0,0.0,0.0,0.0,0.18140589569160998,15.82766439909297,0.0
WEAKLEY,3.0014025245441793,0.0,0.3015427769985975,0.0,0.07713884992987377,0.0,0.0,1.5077138849929874,0.0,61.00981767180926,0.091164095371669,0.2805049088359046,0.11921458625525946,0.25245441795231416,3.555399719495091,0.0,8.870967741935484,7.875175315568023,0.0,0.0,0.1402524544179523,0.0,0.0,12.230014025245442,0.6872370266479664
WHITE,9.395109395109396,0.0,0.2206287920573635,0.0,0.40448611877183305,0.0,0.0,2.3349880492737634,0.0,40.37506894649752,0.0,0.0,0.0,0.40448611877183305,5.019305019305019,0.0,3.750689464975179,13.29288472145615,0.0,0.0,0.0,0.0,0.2206287920573635,24.581724581724583,0.0
WILLIAMSON,0.5085238279736536,0.02663696241766757,0.14287098024021697,0.03148004649360713,0.08717551336691205,0.0,0.0,2.806567222006974,0.02905850445563735,35.89451762882604,0.0,0.46009298721425806,0.02905850445563735,1.414180550174351,8.935490120108485,0.0581170089112747,13.313638124757846,23.934521503293297,0.0,0.0,0.8305889190236343,0.0,0.1622433165439752,10.780705153041456,0.5545331266950795
WILSON,0.44364860892107866,0.0,0.2779485260710372,0.0,0.0,0.03207098377742737,0.0,3.463666247962156,0.0,43.36531523104471,0.0,0.40623246118074674,0.0,0.342090493625892,6.764304995055723,0.26458561616377585,12.937969372210492,19.587353342063768,0.0,0.0,0.8872972178421573,0.0,0.237859796349253,10.98965710773178,0.0
